F 100.000000 1500.000000 6.108652
E 0.000000 10.000000 10.000000 0.174533
F 100.000000 1500.000000 6.108652
E 0.000000 10.000000 10.000000 0.174533
F 100.000000 1500.000000 6.108652
E 0.000000 10.000000 10.000000 0.174533
F 100.000000 1500.000000 6.108652
E 0.000000 10.000000 10.000000 0.174533
F 100.000000 1500.000000 6.108652
E 0.000000 10.000000 10.000000 0.174533
F 100.000000 1500.000000 6.108652
E 0.000000 10.000000 10.000000 0.174533
F 100.000000 1500.000000 6.108652
E 0.000000 10.000000 10.000000 0.174533
F 100.000000 1500.000000 6.108652
E 0.000000 10.000000 10.000000 0.174533
F 100.000000 1500.000000 6.108652
E 0.000000 10.000000 10.000000 0.174533
F 100.000000 1500.000000 6.108652
E 0.000000 10.000000 10.000000 0.174533
F 100.000000 1500.000000 6.108652
E 0.000000 10.000000 10.000000 0.174533
F 100.000000 1500.000000 6.108652
E 0.000000 10.000000 10.000000 0.174533
F 100.000000 1500.000000 6.108652
E 0.000000 10.000000 10.000000 0.174533
F 100.000000 1500.000000 6.108652
E 0.000000 10.000000 10.000000 0.174533
F 100.000000 1500.000000 6.108652
E 0.000000 10.000000 10.000000 0.174533
F 100.000000 1500.000000 6.108652
E 0.000000 10.000000 10.000000 0.174533
F 100.510854 1499.911288 -0.169348
E -0.171549 10.011319 10.000410 0.174533
F 109.217544 1498.538479 -0.143423
E -0.140239 10.499355 10.132656 0.174533
F 118.971501 1497.155671 -0.138238
E -0.125051 10.788519 10.547101 0.174533
F 141.062176 1494.140657 -0.133053
E 2.939857 12.125287 12.363072 0.174533
F 162.139999 1491.375128 -0.127868
E 2.992316 13.225959 14.853627 0.174533
F 188.358756 1487.935079 -0.133053
E 3.003060 14.763913 18.540265 0.174533
F 219.214637 1483.967957 -0.122683
E 3.003877 16.675697 23.317506 0.174533
F 239.811543 1481.536664 -0.112313
E 3.007076 17.471576 26.628541 0.174533
F 271.249818 1478.073334 -0.107128
E 3.011347 19.149767 31.824429 0.174533
F 300.119363 1474.968714 -0.107128
E 3.015014 20.453545 36.673112 10.164099
F 323.324468 1472.534084 -0.101943
E 3.057486 20.693551 241.357799 10.164099
F 354.272955 1469.368130 -0.101943
E 3.047549 22.059901 555.953824 14.895245
F 376.968512 1467.046430 -0.101943
E 3.046722 22.442696 825.991700 16.900502
F 405.853766 1464.091540 -0.101943
E 3.045335 23.226987 1243.062742 19.720685
F 436.278238 1460.899469 -0.107128
E 3.043583 23.917558 1752.846481 19.720685
F 461.531934 1458.117450 -0.112313
E 3.041288 24.479656 2212.257958 19.720685
F 490.891508 1454.728949 -0.117498
E 3.038389 25.484347 2764.897172 19.720685
F 519.727306 1451.325124 -0.117498
E 3.035985 26.584016 3317.903323 22.185217
F 548.563104 1447.921299 -0.117498
E 3.034283 27.303074 3887.878512 24.402096
F 577.904714 1444.380615 -0.122683
E 3.032581 28.006386 4498.759062 24.402096
F 605.169827 1440.946986 -0.127868
E 3.030645 29.320410 5092.683483 24.402096
F 628.809914 1437.782909 -0.138238
E 3.028499 31.241721 5622.086248 24.402096
F 655.514706 1434.067598 -0.138238
E 3.025949 34.330777 6231.785763 26.163211
F 685.278800 1429.769231 -0.148608
E 3.023056 38.398686 6928.017281 26.163211
F 716.045910 1425.163037 -0.148608
E 3.020023 44.323272 7666.617103 28.338543
F 741.162519 1421.336188 -0.153793
E 3.017700 49.230595 8284.895744 28.338543
F 774.453700 1416.087071 -0.158978
E 3.014516 58.161081 9127.970728 28.338543
F 802.599752 1411.499512 -0.164163
E 3.011797 66.812599 9857.195669 28.338543
F 827.131617 1407.304916 -0.174533
E 3.009216 75.582141 10502.881095 28.338543
F 854.182134 1402.462838 -0.179718
E 3.006177 86.426812 11223.947349 28.338543
F 877.127928 1398.232610 -0.184903
E 3.003593 95.886657 11841.773981 28.338543
F 908.726954 1392.322348 -0.184903
E 3.000243 108.454878 12700.065566 30.490460
F 938.258136 1386.640223 -0.195273
E 2.997147 120.423614 13513.305705 30.490460
F 964.185652 1381.442049 -0.200458
E 2.994270 133.011365 14238.537056 30.490460
F 997.756123 1374.802032 -0.190088
E 2.991065 148.126730 15189.305701 30.490460
F 1020.159189 1370.491435 -0.190088
E 2.989331 156.508788 15829.771096 31.518673
F 1041.604482 1366.710051 -0.158978
E 2.988376 160.949100 16446.481549 31.518673
F 1059.025332 1364.009523 -0.148608
E 2.988269 161.093354 16949.774323 31.518673
F 1074.442227 1361.946069 -0.117498
E 2.988718 158.475715 17396.396351 31.518673
F 1087.351696 1360.794338 -0.060463
E 2.990010 151.973669 17769.624039 31.518673
F 1098.752861 1360.518742 0.012127
E 2.992293 141.836719 18097.292809 31.518673
F 1112.205686 1361.310574 0.105457
E 2.996643 127.388777 18480.695141 31.518673
F 1119.390300 1362.335884 0.178047
E 2.999838 121.656640 18683.671119 31.518673
F 1140.713626 1368.687998 0.401002
E 3.013973 151.344053 19276.721156 31.518673
F 1155.383333 1376.399236 0.566922
E 3.028234 232.513607 19677.182012 31.518673
F 1167.413779 1385.395847 0.717287
E 3.043482 335.717120 20001.531855 31.518673
F 1181.196712 1399.447781 0.872837
E 3.065851 495.615570 20370.937264 31.518673
F 1202.893239 1426.574790 0.919502
E 3.106759 793.756505 20968.474567 31.518673
F 1212.537443 1439.433309 0.935057
E 3.125423 929.833047 21245.266424 31.518673
F 1221.708513 1451.997040 0.945427
E -3.139932 1059.392216 21515.619035 31.518673
F 1230.146121 1463.811320 0.955797
E -3.123516 1178.170170 21770.754235 31.518673
F 1244.642621 1484.675852 0.971352
E -3.095315 1380.842311 22223.990156 31.518673
F 1260.547960 1508.345487 0.986907
E -3.064487 1600.126865 22743.775525 31.518673
F 1274.160132 1529.180932 0.997277
E -3.038326 1784.148290 23207.862332 31.518673
F 1292.077828 1557.724776 1.023202
E -3.003870 2023.454154 23847.863268 31.518673
F 1306.735071 1582.186923 1.038757
E -2.975523 2217.579853 24398.139496 31.518673
F 1319.653995 1604.663198 1.059497
E -2.950375 2387.643245 24904.816813 31.518673
F 1336.088021 1634.679155 1.080237
E -2.918032 2603.276100 25581.752893 31.518673
F 1347.882738 1657.181641 1.095792
E -2.894671 2756.786101 26091.211098 31.518673
F 1361.661378 1684.494094 1.111347
E -2.867284 2934.280623 26712.853679 31.518673
F 1370.307041 1702.198818 1.121717
E -2.850075 3044.413086 27118.132328 31.518673
F 1384.558163 1732.166692 1.132087
E -2.821906 3222.281775 27811.208528 31.518673
F 1397.769809 1760.903328 1.147642
E -2.795971 3383.362287 28483.116880 31.518673
F 1408.292859 1784.596471 1.158012
E -2.775323 3509.739761 29040.723008 31.518673
F 1421.288837 1815.129125 1.178752
E -2.749608 3664.800519 29761.206073 31.518673
F 1429.213142 1834.295580 1.178752
E -2.733983 3757.711550 30216.786811 32.343776
F 1443.688996 1869.828896 1.189122
E -2.706077 3925.607211 31075.212888 32.343776
F 1451.695446 1890.080569 1.199492
E -2.690705 4020.135090 31568.863017 32.343776
F 1461.216864 1915.304883 1.220232
E -2.671987 4136.879166 32182.088216 32.343776
F 1465.975403 1929.566417 1.277267
E -2.661431 4203.490742 32516.743992 32.343776
F 1468.991323 1940.566177 1.329117
E -2.653145 4256.199036 32759.433127 32.343776
F 1471.712036 1955.345427 1.448372
E -2.641608 4330.239933 33052.699051 32.343776
F 1472.514710 1964.641789 1.520962
E -2.634045 4379.166382 33214.664613 32.343776
F 1472.137511 1981.214930 1.666142
E -2.619912 4471.336648 33459.143234 32.343776
F 1470.092316 1994.532496 1.780212
E -2.607888 4550.412451 33613.494601 32.343776
F 1465.315521 2010.402144 1.946132
E -2.592583 4651.834846 33741.211264 32.343776
F 1459.796408 2022.120960 2.075757
E -2.580383 4733.225617 33787.705836 32.343776
F 1450.281114 2036.316551 2.246862
E -2.564237 4841.605101 33776.351434 32.343776
F 1440.027594 2047.295438 2.397227
E -2.550262 4935.941278 33698.201697 32.343776
F 1433.289738 2052.974032 2.485372
E -2.542264 4990.136686 33623.214812 32.343776
F 1411.969680 2068.613307 2.532037
E -2.518544 5151.131665 33357.377547 32.343776
F 1393.197038 2081.577174 2.542407
E -2.497942 5290.726439 33123.665277 32.343776
F 1365.218972 2100.367156 2.557962
E -2.467037 5499.026434 32791.078783 32.343776
F 1347.389051 2111.943366 2.573517
E -2.447271 5631.263137 32587.433495 32.343776
F 1321.873421 2127.858940 2.594257
E -2.418979 5818.829497 32304.509295 32.343776
F 1295.991661 2142.108066 2.682402
E -2.391128 6001.354212 32003.189875 32.343776
F 1285.568423 2146.734205 2.765362
E -2.380586 6069.965309 31864.671026 32.343776
F 1270.783569 2151.535665 2.889802
E -2.366794 6159.528667 31635.483261 32.343776
F 1258.067202 2154.009810 3.009057
E -0.785218 31406.359076 6229.464893 32.343776
F 1244.624970 2154.886551 -3.139318
E -0.774964 31129.121597 6296.104659 32.343776
F 1231.186864 2153.948673 -3.004508
E -0.765911 30814.247847 6355.255863 32.343776
F 1218.997068 2151.486505 -2.880068
E -0.758777 30494.220053 6402.345469 32.343776
F 1204.818267 2146.523414 -2.729703
E -0.751925 30076.034592 6448.521122 32.343776
F 1191.104959 2139.214808 -2.574153
E -0.747106 29615.529339 6482.667067 32.343776
F 1177.915489 2129.179800 -2.408233
E -0.744764 29104.443766 6502.375072 32.343776
F 1165.980431 2116.935868 -2.278608
E -0.745206 28569.857975 6505.679223 32.343776
F 1149.433788 2096.979414 -2.247498
E -0.748463 27761.680211 6495.581207 32.343776
F 1131.226756 2073.700163 -2.221573
E -0.753585 26844.864468 6476.537658 32.343776
F 1117.595138 2055.407024 -2.200833
E -0.758566 26141.121648 6456.399112 32.343776
F 1103.324725 2033.163246 -2.081578
E -0.767180 25337.935277 6416.414818 32.343776
F 1095.235060 2016.354692 -1.957138
E -0.776560 24791.962424 6367.979242 32.343776
F 1089.886642 1999.575242 -1.801588
E -2.359639 6300.434230 24309.680047 32.343776
F 1086.916187 1980.640393 -1.651223
E -2.376855 6201.291265 23838.622548 32.343776
F 1086.958168 1964.067472 -1.485303
E -2.394794 6094.039370 23491.934180 32.343776
F 1088.577608 1952.782259 -1.371233
E -2.408653 6008.796933 23296.338263 32.343776
F 1091.796079 1940.769979 -1.246793
E -2.424876 5906.736874 23127.263271 32.343776
F 1094.556225 1933.500824 -1.169018
E -2.435449 5838.989153 23046.577134 32.343776
F 1097.872816 1926.468098 -1.091243
E -2.446248 5768.857458 22985.899152 32.343776
F 1104.878862 1914.962551 -0.956433
E -2.465218 5643.454859 22929.388435 32.343776
F 1111.971096 1906.036250 -0.842363
E -2.481208 5535.685887 22930.433653 32.343776
F 1122.386862 1895.940994 -0.697183
E -2.500990 5399.863179 22996.180513 32.343776
F 1145.479380 1877.500669 -0.650518
E -2.539369 5131.593782 23238.938261 32.343776
F 1165.439378 1862.634977 -0.629778
E -2.570327 4913.099712 23492.074989 32.343776
F 1190.769375 1844.574283 -0.609038
E -2.607420 4650.915278 23856.327994 32.343776
F 1212.185293 1829.964697 -0.588298
E -2.636952 4443.396649 24198.425793 32.343776
F 1235.636729 1814.669403 -0.567558
E -2.667404 4232.129055 24606.222549 32.343776
F 1257.640058 1800.960462 -0.546818
E -2.694264 4049.471134 25017.625236 32.343776
F 1284.379537 1785.060850 -0.526078
E -2.724836 3847.600973 25551.055833 32.343776
F 1304.226076 1773.810302 -0.505338
E -2.746096 3712.114402 25969.002424 32.343776
F 1319.987751 1765.925315 -0.422378
E -2.761348 3617.731382 26321.381942 32.343776
F 1333.590332 1760.883182 -0.287568
E -2.772269 3551.532692 26650.027872 32.343776
F 1350.815421 1757.215508 -0.132018
E -2.782804 3488.585511 27100.286077 32.343776
F 1370.475527 1756.556584 0.065012
E -2.790699 3441.564687 27655.698203 32.343776
F 1387.371820 1759.119962 0.236117
E -2.793993 3421.017089 28167.912217 32.343776
F 1401.672131 1763.721240 0.386482
E -2.794203 3417.803597 28627.807318 32.343776
F 1420.687205 1773.181681 0.536847
E -2.791121 3431.836482 29275.723386 32.343776
F 1439.756845 1784.732791 0.552402
E -2.786142 3456.389276 29949.376244 32.343776
F 1452.955740 1792.963527 0.562772
E -2.782600 3474.108326 30419.518691 32.343776
F 1466.528084 1801.574468 0.567957
E -2.778933 3492.641968 30905.703400 32.343776
F 1479.597358 1810.009510 0.578327
E -2.775376 3510.789647 31376.516426 32.343776
F 1501.232529 1824.293032 0.588697
E -2.769430 3541.512730 32161.754151 32.343776
F 1531.206660 1844.758399 0.609437
E -2.761067 3585.488195 33261.932089 32.343776
F 1553.234289 1860.305955 0.619807
E -2.754834 3618.811338 34079.670816 32.343776
F 1577.156890 1877.659918 0.635362
E -2.748007 3655.812264 34976.465235 32.343776
F 1602.367160 1896.758302 0.661287
E -2.740526 3697.005221 35934.859114 32.343776
F 1620.299061 1910.862232 0.671657
E -2.735031 3727.661607 36625.204798 32.343776
F 1638.735566 1925.992322 0.702767
E -2.729102 3761.129998 37344.861837 32.343776
F 1650.174517 1936.526537 0.785727
E -2.724651 3786.673217 37807.015529 32.343776
F 1658.499123 1945.768579 0.889427
E -2.720274 3812.206729 38164.248699 32.343776
F 1668.312387 1959.768265 1.029422
E -2.712874 3856.064816 38627.035997 32.343776
F 1675.064748 1973.187516 1.179787
E -2.705059 3903.105012 38997.101066 32.343776
F 1679.730727 1987.466847 1.330152
E -2.696051 3958.084059 39322.000454 32.343776
F 1681.996637 2000.220549 1.459777
E -2.687476 4011.063729 39561.066985 32.343776
F 1682.513140 2015.751285 1.615327
E -2.676387 4080.404318 39792.904612 32.343776
F 1681.474691 2027.106762 1.708657
E -2.667856 4134.311415 39925.736976 32.343776
F 1678.149771 2042.286204 1.864207
E -2.655835 4211.019973 40053.735124 32.343776
F 1674.235685 2052.994078 1.978277
E -2.646822 4269.075843 40103.883422 32.343776
F 1667.536555 2065.859692 2.123457
E -2.635271 4344.108380 40113.260811 32.343776
F 1657.697563 2079.196023 2.289377
E -2.622186 4429.885690 40049.187781 32.343776
F 1649.715217 2087.336095 2.403447
E -2.613403 4487.901040 39959.486911 32.343776
F 1634.491496 2098.971655 2.574552
E -2.599242 4582.138017 39733.403091 32.343776
F 1622.196035 2105.641570 2.714547
E -2.589584 4646.912881 39511.416545 32.343776
F 1595.140076 2117.532518 2.740472
E -2.569886 4779.844675 38988.520974 32.343776
F 1577.881366 2124.641949 2.761212
E -2.557372 4864.622284 38654.827275 32.343776
F 1549.844107 2135.516921 2.781952
E -2.537040 5002.683762 38113.930334 32.343776
F 1519.695645 2146.674455 2.792322
E -2.514887 5153.234647 37540.606154 32.343776
F 1499.664906 2153.793741 2.807877
E -2.499987 5254.410173 37164.641721 32.343776
F 1471.715905 2163.402063 2.813062
E -2.478897 5397.275047 36647.919836 32.343776
F 1445.122587 2172.160561 2.833802
E -2.458519 5534.739520 36164.199190 32.343776
F 1416.888496 2180.894803 2.849357
E -2.436647 5681.430282 35655.976279 32.343776
F 1388.046122 2189.409184 2.859727
E -2.413901 5832.759044 35146.321641 32.343776
F 1358.596827 2197.689285 2.875282
E -2.390230 5988.642342 34636.254992 32.343776
F 1332.029883 2204.714960 2.890837
E -2.368534 6129.885496 34183.309316 32.343776
F 1304.906548 2211.662528 2.890837
E -0.775089 33732.659453 6275.396735 33.795754
F 1290.842596 2215.264970 2.890837
E -0.763087 33505.918350 6352.837505 34.175614
F 1272.270513 2220.073499 2.885652
E -0.746949 33215.306054 6460.359411 34.175614
F 1253.723612 2224.978260 2.880467
E -0.730473 32936.389281 6574.338310 34.175614
F 1237.739650 2229.427704 2.859727
E -0.715886 32708.624520 6678.435718 34.175614
F 1218.842922 2235.006091 2.849357
E -0.698139 32456.113586 6808.672606 34.175614
F 1203.462979 2239.676653 2.844172
E -0.683381 32261.353244 6919.712474 34.175614
F 1191.623966 2243.507898 2.813062
E -0.671721 32121.998453 7008.936305 34.175614
F 1184.282241 2246.074483 2.797507
E -0.664301 32042.457125 7066.300139 34.175614
F 1177.487922 2248.629099 2.766397
E -0.657272 31974.842346 7120.996815 34.175614
F 1168.976250 2252.449192 2.673067
E -0.647996 31907.822267 7193.504291 34.175614
F 1159.114057 2258.168962 2.558997
E -0.636314 31866.157515 7285.090524 34.175614
F 1151.571412 2263.659881 2.465667
E -0.626599 31865.514352 7361.398304 34.175614
F 1140.943418 2273.531462 2.320487
E -0.611480 31924.437433 7480.216087 34.175614
F 1133.663051 2282.304994 2.206417
E -0.599829 32021.090615 7571.631809 34.175614
F 1126.414029 2293.659023 2.071607
E -0.586609 32190.243582 7674.935754 34.175614
F 1120.943600 2305.400645 1.941982
E -0.574729 32405.671030 7767.121195 34.175614
F 1115.152498 2324.215266 1.796802
E -0.558446 32810.158016 7892.158489 34.175614
F 1110.618765 2346.571635 1.744952
E -0.541516 33340.721624 8020.856729 34.175614
F 1105.895990 2374.695056 1.729397
E -0.521739 34037.984033 8170.512345 34.175614
F 1101.617360 2402.365082 1.719027
E -0.503333 34743.501111 8309.348614 34.175614
F 1097.625190 2430.601476 1.703472
E -0.485601 35482.075685 8442.538589 34.175614
F 1094.201883 2457.867639 1.687917
E -0.469516 36213.027149 8562.692198 34.175614
F 1091.061477 2485.168079 1.682732
E -0.454291 36959.247545 8675.849178 34.175614
F 1088.527813 2509.405263 1.667177
E -0.441498 37633.206727 8770.432262 34.175614
F 1085.694666 2540.385849 1.656807
E -0.426145 38510.118387 8883.242383 34.175614
F 1083.212703 2575.554957 1.625697
E -0.410159 39527.441767 8999.691403 34.175614
F 1081.967081 2601.968837 1.610142
E -0.399195 40306.974134 9078.825997 34.175614
F 1081.165192 2627.362423 1.594587
E -0.389378 41066.718407 9149.189860 34.175614
F 1080.954889 2634.618343 1.604957
E -0.386659 41284.926951 9168.626939 34.175614
F 1080.954889 2634.618343 1.604957
E -0.386659 41284.926951 9168.626939 34.175614
F 1080.954889 2634.618343 1.604957
E -0.386659 41284.926951 9168.626939 34.175614
F 1080.954889 2634.618343 1.604957
E -0.386659 41284.926951 9168.626939 34.175614
F 1080.954889 2634.618343 1.604957
E -0.386659 41284.926951 9168.626939 34.175614
F 1080.954889 2634.618343 1.604957
E -0.386659 41284.926951 9168.626939 34.175614
F 1080.954889 2634.618343 1.604957
E -0.386659 41284.926951 9168.626939 34.175614
F 1080.954889 2634.618343 1.604957
E -0.386659 41284.926951 9168.626939 34.175614
F 1080.954889 2634.618343 1.604957
E -0.386659 41284.926951 9168.626939 34.175614
F 1080.954889 2634.618343 1.604957
E -0.386659 41284.926951 9168.626939 34.175614
F 1080.954889 2634.618343 1.604957
E -0.386659 41284.926951 9168.626939 34.175614
F 1080.954889 2634.618343 1.604957
E -0.386659 41284.926951 9168.626939 34.175614
F 1080.954889 2634.618343 1.604957
E -0.386659 41284.926951 9168.626939 34.175614
F 1080.954889 2634.618343 1.604957
E -0.386659 41284.926951 9168.626939 34.175614
F 1080.954889 2634.618343 1.604957
E -0.386659 41284.926951 9168.626939 34.175614
F 1080.954889 2634.618343 1.604957
E -0.386659 41284.926951 9168.626939 34.175614
F 1080.954889 2634.618343 1.604957
E -0.386659 41284.926951 9168.626939 34.175614
F 1080.954889 2634.618343 1.604957
E -0.386659 41284.926951 9168.626939 34.175614
F 1080.954889 2634.618343 1.604957
E -0.386659 41284.926951 9168.626939 34.175614
F 1080.954889 2634.618343 1.604957
E -0.386659 41284.926951 9168.626939 34.175614
F 1080.954889 2634.618343 1.604957
E -0.386659 41284.926951 9168.626939 34.175614
